# id	file_path	transparent_color_r	g	b
[TEXTURES]
0	textures\mario.png	255	255	255
20	textures\misc.png	176	224	248
10	textures\enemies.png	3	26	110
30	map\map1\1-1_bank.png	255	255	255

#ID	TileWidth	TileHeight	TRTileSet	TCTileSet	TRMap	TCMap	TotalTiles	Matrix_Path
[MAP]
30	16	16	9	11	27	176	91	map\map1\1-1.txt

# id	left	top	right	bottom	texture_id
[SPRITES]
# BIG MARIO 
# idle right
10001	246	154	260	181	0
# walk
10002	275	154	290	181	0		
10003	304	154	321	181	0
# idle left
10011	186	154	200	181	0
#walk
10012	155	154	170	181	0
10013	125	154	140	181	0
# die 
10099	215	120	231	135	0
# SMALL MARIO
# idle small right
10021	247	0	259	15	0
# walk
10022	275	0	291	15	0
10023	306	0	320	15	0
# idle small left
10031	187	0	198	15	0
# walk
10032	155	0	170	15	0
10033	125	0	139	15	0

#BRICK
#wooden brick
20000	408	225	424	241	20
#brick with question mark animation
20001	300	117	316	133	20
20002	318	117	334	133	20
20003	336	117	352	133	20
20004	354	117	370	133	20
#ground brick
20011	112	112	128	128	30
20012	128	112	144	128	30
20013	144	112	160	128	30

#GOOMBA
30001	5	14	21	29	10
30002	25	14	41	29	10
#die
30003	45	21	61	29	10

#BLOCK
#pink
40001	160	0	176	16	30
40002	0	16	16	32	30
40003	16	16	32	32	30
#blue
40011	16	64	32	80	30
40012	32	64	48	80	30
40013	48	64	64	80	30
#white
40021	48	48	64	64	30
40022	64	48	80	64	30
40023	80	48	96	64	30
#green
40031	96	32	112	48	30
40032	112	32	128	48	30
40033	128	32	144	48	30
					
# ani_id	sprite1_id	time1	sprite2_id	time2	...
[ANIMATIONS]

# ==== MARIO =========
#idle BIG right
400	10001	100
#idle BIG left
401	10011	100
#idle small right
402	10021	100
#idle small left
403	10031	100
#walk right big
500	10001	100	10002	100	10003	100
#walk left big
501	10011	100	10012	100	10013	100
#walk right small
502	10021	100	10022	100	10023	100
#walk left small
503	10031	100	10032	100	10033	100
#die
599	10099	100


# ==== WOODEN BRICK =========
601	20000	100

# ==== QUESTION MARK BRICK =========
602	20001	1000	20001	100	20002	100	20003	100	20004	100

# ==== GROUND BRICK =========
603	20011	100
604	20012	100
605	20013	100

# ==== GOOMBA  =========
# walk
701	30001	100	30002	100
# die
702	30003	100
# ==== BLOCK=========
#pink
801	40001	100
802	40002	100
803	40003	100
#blue
811	40011	100
812	40012	100
813	40013	100
#white
821	40021	100
822	40022	100
823	40023	100
#green
831	40031	100
832	40032	100
833	40033	100

#
# id	ani1	ani2	ani3
#
[ANIMATION_SETS]
# MARIO
1	400	401	402	403	500	501	502	503	599

# WOODEN BRICK 
2	601
# QUESTION MARK BRICK 
22	602
# GROUND BRICK
85	603
86	604
87	605
# GOOMBA
3	701	702
#BLOCK
#pink
11	801
12	802
13	803
#blue
46	811
47	812
48	813
#white
37	821
38	822
39	823
#pink
29	831
30	832
31	833


[OBJECTS]
# type	x	y	ani_set_id	extra_settings per object type
# type: 0 = Mario , 1 = Brick, 2 = Goomba, 4 = Block
# MARIO
0	50.0	0	1

# GOOMBA
2	200	135	3
2	260	135	3
2	320	135	3
2	480	135	3
2	500	135	3

# WOODEN BRICK 
# --- platform (hint: I created the list using Excel!) ----
1	2256	304	2
1	2272	304	2
1	1504	336	2
1	1520	336	2
1	1600	368	2
1	1664	368	2
1	2256	368	2
1	2272	368	2
1	1584	384	2
1	1600	384	2
1	1664	384	2
1	1680	384	2
1	1568	400	2
1	1584	400	2
1	1600	400	2
1	1664	400	2
1	1680	400	2
1	1696	400	2

# ---- brick group 1 ----
1	100	74	2
1	100	90	22
1	84	90	22

# ---- brick group 2 ----
1	160	74	2
1	160	90	22
1	144	90	22

# ---- brick group 3 ----
1	220	74	2
1	220	90	22
1	204	90	22

# ---- ground brick ----
1	624	400	85
1	640	400	86
1	656	400	86
1	672	400	86
1	688	400	86
1	704	400	86
1	720	400	86
1	736	400	86
1	752	400	86
1	768	400	86
1	784	400	86
1	800	400	86
1	816	400	86
1	832	400	86
1	848	400	86
1	864	400	86
1	880	400	86
1	896	400	86
1	912	400	86
1	928	400	86
1	944	400	86
1	960	400	86
1	976	400	86
1	992	400	86
1	1008	400	86
1	1024	400	86
1	1040	400	86
1	1056	400	86
1	1072	400	87
1	0	416	85
1	16	416	86
1	32	416	86
1	48	416	86
1	64	416	86
1	80	416	86
1	96	416	86
1	112	416	86
1	128	416	86
1	144	416	86
1	160	416	86
1	176	416	86
1	192	416	86
1	208	416	86
1	224	416	86
1	240	416	86
1	256	416	86
1	272	416	86
1	288	416	86
1	304	416	86
1	320	416	86
1	336	416	86
1	352	416	86
1	368	416	86
1	384	416	86
1	400	416	86
1	416	416	86
1	432	416	86
1	448	416	86
1	464	416	86
1	480	416	86
1	496	416	86
1	512	416	86
1	528	416	86
1	544	416	86
1	560	416	86
1	576	416	86
1	592	416	86
1	608	416	87
1	1152	416	85
1	1168	416	86
1	1184	416	86
1	1200	416	86
1	1216	416	86
1	1232	416	86
1	1248	416	86
1	1264	416	86
1	1280	416	86
1	1296	416	86
1	1312	416	86
1	1328	416	86
1	1344	416	86
1	1360	416	86
1	1376	416	86
1	1392	416	86
1	1408	416	86
1	1424	416	86
1	1440	416	86
1	1456	416	86
1	1472	416	86
1	1488	416	87
1	1536	416	85
1	1552	416	86
1	1568	416	86
1	1584	416	86
1	1600	416	87
1	1664	416	85
1	1680	416	86
1	1696	416	86
1	1712	416	86
1	1728	416	86
1	1744	416	86
1	1760	416	86
1	1776	416	86
1	1792	416	86
1	1808	416	86
1	1824	416	86
1	1840	416	86
1	1856	416	86
1	1872	416	86
1	1888	416	86
1	1904	416	86
1	1920	416	86
1	1936	416	86
1	1952	416	86
1	1968	416	86
1	1984	416	86
1	2000	416	86
1	2016	416	86
1	2032	416	86
1	2048	416	86
1	2064	416	86
1	2080	416	86
1	2096	416	86
1	2112	416	86
1	2128	416	86
1	2144	416	86
1	2160	416	86
1	2176	416	86
1	2192	416	86
1	2208	416	86
1	2224	416	87
1	2256	416	85
1	2272	416	86
1	2288	416	86
1	2304	416	86
1	2320	416	86
1	2336	416	86
1	2352	416	86
1	2368	416	86
1	2384	416	86
1	2400	416	86
1	2416	416	86
1	2432	416	86
1	2448	416	86
1	2464	416	86
1	2480	416	86
1	2496	416	86
1	2512	416	86
1	2528	416	86
1	2544	416	86
1	2560	416	86
1	2576	416	86
1	2592	416	86
1	2608	416	86
1	2624	416	86
1	2640	416	86
1	2656	416	86
1	2672	416	86
1	2688	416	86
1	2704	416	86
1	2720	416	86
1	2736	416	86
1	2752	416	86
1	2768	416	86
1	2784	416	86
1	2800	416	87

#BLOCK
#pink
4	1312	144	11
4	1328	144	12
4	1344	144	12
4	1360	144	13
4	464	336	11
4	480	336	12
4	496	336	12
4	512	336	13
4	1296	352	11
4	1312	352	12
4	1328	352	12
4	1344	352	12
4	1360	352	12
4	1376	352	12
4	1392	352	13
4	240	368	11
4	256	368	12
4	272	368	13
4	2144	368	11
4	2160	368	12
4	2176	368	13
#blue
4	1328	320	46
4	1344	320	47
4	1360	320	47
4	1376	320	47
4	1392	320	47
4	1408	320	47
4	1424	320	48
4	272	336	46
4	288	336	47
4	304	336	48
#white
4	512	304	37
4	528	304	38
4	544	304	38
4	560	304	39
#green
4	2176	272	29
4	2192	272	30
4	2208	272	31
4	400	368	29
4	416	368	30
4	432	368	30
4	448	368	30
4	464	368	31
4	512	384	29
4	528	384	30
4	544	384	30
4	560	384	30
4	576	384	30
4	592	384	31
4	1264	384	29
4	1280	384	30
4	1296	384	30
4	1312	384	30
4	1328	384	30
4	1344	384	30
4	1360	384	31


# --- SCENE PORTAL ----
# type	l	t	ani_set_id	r	b	scene_id
50	300	98	0	316	150	2

