# id	file_path	transparent_color_r	g	b
[TEXTURES]
0	textures\panel.png	166	185	255
30	map\map1\WorldMap\1_bank.png	0	0	0
40	textures\HUD.png	0	204	129

#ID	TWidth	THeight	TRTSet	TCTSet	TRMap	TCMap	TTiles	Matrix_Path
[MAP]
30	16	16	4	11	11	17	37	map\map1\WorldMap\1.txt

[ZONE]
#ID	l	t	r	b
1	0	0	256	176


# id	left	top	right	bottom	texture_id
[SPRITES]

#small Mario
10001	4	116	18	132	0
10002	24	116	38	132	0

#Big mario
10101	44	116	60	137	0
10102	64	116	80	137	0

#Raccoon Mario
10201	85	113	101	137	0
10202	106	113	122	137	0

#Fire Mario
10301	85	168	101	189	0
10302	106	168	122	189	0

#Bush
30001	4	14	20	30	0
30002	24	15	40	30	0
30003	44	14	60	30	0

#===============================================================================================
#===============================================================================================
#===============================================================================================
#===============================================================================================

# ani_id	sprite1_id	time1	sprite2_id	time2	...
[ANIMATIONS]

# ==== MARIO =========
#small mario
10001	10001	100	10002	100
#Big mario
10101	10101	100	10102	100
#raccoon
10201	10201	100	10202	100
#fire mario
10301	10301	100	10302	100

#bush
30001	30001	300	30002	300	30003	300	30002	300

# id	ani1	ani2	ani3
#
[ANIMATION_SETS]
# MARIO
#	0	1	2	3	4	
10000	10001	10101	10201	10301

#Station
#0	1	2	3	4
20000

#bush
30000	30001
[OBJECTS]
# type	x	y	ani_set_id	detail_type	extra_settings per object type
# type: 0 = Mario , 1 = Station, 2 = bush

#Station
#type	x	y	ani	l	t	r	b	idScene
1	32	48	20000	0	0	1	0	0
1	64	48	20000	1	1	0	0	-1
1	64	16	20000	0	0	1	1	1
1	96	16	20000	1	0	1	0	-1
1	128	16	20000	1	0	1	1	2
1	160	16	20000	1	0	1	0	3
1	192	16	20000	1	0	0	1	-1
1	128	48	20000	0	1	1	1	-1
1	160	48	20000	1	0	1	0	4
1	192	48	20000	1	1	0	0	-1
1	64	64	20000	0	0	0	1	0
1	64	80	20000	0	1	1	1	0
1	96	80	20000	1	0	1	0	0
1	128	80	20000	1	1	0	0	0
1	64	112	20000	0	1	0	1	0
1	96	112	20000	0	0	1	0	0
1	128	112	20000	1	0	1	1	0
1	160	112	20000	1	0	1	0	0
1	192	112	20000	1	0	0	0	0
1	64	144	20000	0	1	1	0	5
1	96	144	20000	1	0	1	0	0
1	128	144	20000	1	1	0	0	6

#Bush
2	16	16	30000
2	32	16	30000
2	48	16	30000
2	16	32	30000
2	32	32	30000
2	48	32	30000

2	16	64	30000
2	32	64	30000
2	48	64	30000
2	16	80	30000
2	32	80	30000
2	48	80	30000
2	16	96	30000

2	80	32	30000
2	96	32	30000
2	112	32	30000
2	80	48	30000
2	96	48	30000
2	112	48	30000
2	80	64	30000
2	96	64	30000
2	112	64	30000

2	144	32	30000
2	160	32	30000
2	176	32	30000

2	96	96	30000
2	112	96	30000
2	128	96	30000

2	208	16	30000
2	224	16	30000
2	208	32	30000
2	224	32	30000
2	208	48	30000
2	224	48	30000
2	144	64	30000
2	160	64	30000
2	176	64	30000
2	192	64	30000
2	208	64	30000
2	224	64	30000
2	144	80	30000
2	160	80	30000
2	224	80	30000
2	224	96	30000
2	224	112	30000
2	224	128	30000
2	224	144	30000

#mario
0	32	48	10000