5	19
# type	x	y	ani_set_id	detail_type	extra_settings per object type
# type: 0 = Mario , 1 = Brick, 2 = QuestionBox, 3 = Goomba, 4 = Koopa 50 = Portal, 5 = Coin, 6 = PLANT_FIRE, 7 PLANT_NORMAL, 8 ITEM
# -- BRICK--
#Type	x	y	ani	TypeBrick
# WOODEN BRICK
1	2256	304	20001	0	2	15
1	2256	304	20001	0	2	15
1	2272	304	20001	0	2	15
1	1504	336	20001	0	2	10
1	1520	336	20001	0	2	10
1	1600	368	20001	0	2	10
1	1664	368	20001	0	2	11
1	2256	368	20001	0	2	15
1	2272	368	20001	0	2	15
1	1584	384	20001	0	2	10
1	1600	384	20001	0	2	10
1	1664	384	20001	0	2	11
1	1680	384	20001	0	2	11
1	1568	400	20001	0	2	10
1	1584	400	20001	0	2	10
1	1600	400	20001	0	2	10
1	1664	400	20001	0	2	11
1	1680	400	20001	0	2	11
1	1696	400	20001	0	2	11
# ---- ground brick ----
1	624	400	21001	0	2	4
1	640	400	21002	0	2	4
1	656	400	21002	0	2	4
1	672	400	21002	0	2	4
1	688	400	21002	0	2	4
1	704	400	21002	0	2	4
1	720	400	21002	0	2	4
1	736	400	21002	0	2	4
1	752	400	21002	0	2	5
1	768	400	21002	0	2	5
1	784	400	21002	0	2	5
1	800	400	21002	0	2	5
1	816	400	21002	0	2	5
1	832	400	21002	0	2	5
1	848	400	21002	0	2	5
1	864	400	21002	0	2	5
1	880	400	21002	0	2	5
1	896	400	21002	0	2	5
1	912	400	21002	0	2	6
1	928	400	21002	0	2	6
1	944	400	21002	0	2	6
1	960	400	21002	0	2	6
1	976	400	21002	0	2	6
1	992	400	21002	0	2	6
1	1008	400	21002	0	2	6
1	1024	400	21002	0	2	6
1	1040	400	21002	0	2	6
1	1056	400	21002	0	2	7
1	1072	400	21003	0	2	7
1	0	416	21001	0	2	0
1	16	416	21002	0	2	0
1	32	416	21002	0	2	0
1	48	416	21002	0	2	0
1	64	416	21002	0	2	0
1	80	416	21002	0	2	0
1	96	416	21002	0	2	0
1	112	416	21002	0	2	0
1	128	416	21002	0	2	0
1	144	416	21002	0	2	0
1	160	416	21002	0	2	1
1	176	416	21002	0	2	1
1	192	416	21002	0	2	1
1	208	416	21002	0	2	1
1	224	416	21002	0	2	1
1	240	416	21002	0	2	1
1	256	416	21002	0	2	1
1	272	416	21002	0	2	1
1	288	416	21002	0	2	1
1	304	416	21002	0	2	2
1	320	416	21002	0	2	2
1	336	416	21002	0	2	2
#1	352	416	21002	0
1	368	416	21002	0	2	2
1	384	416	21002	0	2	2
1	400	416	21002	0	2	2
1	416	416	21002	0	2	2
1	432	416	21002	0	2	2
1	448	416	21002	0	2	2
1	464	416	21002	0	2	3
1	480	416	21002	0	2	3
1	496	416	21002	0	2	3
1	512	416	21002	0	2	3
1	528	416	21002	0	2	3
1	544	416	21002	0	2	3
1	560	416	21002	0	2	3
1	576	416	21002	0	2	3
1	592	416	21002	0	2	3
1	608	416	21003	0	2	4
1	1152	416	21001	0	2	7
1	1168	416	21002	0	2	7
1	1184	416	21002	0	2	7
1	1200	416	21002	0	2	8
1	1216	416	21002	0	2	8
1	1232	416	21002	0	2	8
1	1248	416	21002	0	2	8
1	1264	416	21002	0	2	8
1	1280	416	21002	0	2	8
1	1296	416	21002	0	2	8
1	1312	416	21002	0	2	8
1	1328	416	21002	0	2	8
1	1344	416	21002	0	2	8
1	1360	416	21002	0	2	9
1	1376	416	21002	0	2	9
1	1392	416	21002	0	2	9
1	1408	416	21002	0	2	9
1	1424	416	21002	0	2	9
1	1440	416	21002	0	2	9
1	1456	416	21002	0	2	9
1	1472	416	21002	0	2	9
1	1488	416	21003	0	2	9
1	1536	416	21001	0	2	10
1	1552	416	21002	0	2	10
1	1568	416	21002	0	2	10
1	1584	416	21002	0	2	10
1	1600	416	21003	0	2	10
1	1664	416	21001	0	2	11
1	1680	416	21002	0	2	11
1	1696	416	21002	0	2	11
1	1712	416	21002	0	2	11
1	1728	416	21002	0	2	11
1	1744	416	21002	0	2	11
1	1760	416	21002	0	2	11
1	1776	416	21002	0	2	11
1	1792	416	21002	0	2	11
1	1808	416	21002	0	2	12
1	1824	416	21002	0	2	12
1	1840	416	21002	0	2	12
1	1856	416	21002	0	2	12
1	1872	416	21002	0	2	12
1	1888	416	21002	0	2	12
1	1904	416	21002	0	2	12
1	1920	416	21002	0	2	12
1	1936	416	21002	0	2	12
1	1952	416	21002	0	2	13
1	1968	416	21002	0	2	13
1	1984	416	21002	0	2	13
1	2000	416	21002	0	2	13
1	2016	416	21002	0	2	13
1	2032	416	21002	0	2	13
1	2048	416	21002	0	2	13
1	2064	416	21002	0	2	13
1	2080	416	21002	0	2	13
1	2096	416	21002	0	2	13
1	2112	416	21002	0	2	14
1	2128	416	21002	0	2	14
1	2144	416	21002	0	2	14
1	2160	416	21002	0	2	14
1	2176	416	21002	0	2	14
1	2192	416	21002	0	2	14
1	2208	416	21002	0	2	14
1	2224	416	21003	0	2	14
1	2256	416	21001	0	2	15
1	2272	416	21002	0	2	15
1	2288	416	21002	0	2	15
1	2304	416	21002	0	2	15
1	2320	416	21002	0	2	15
1	2336	416	21002	0	2	15
1	2352	416	21002	0	2	15
1	2368	416	21002	0	2	15
1	2384	416	21002	0	2	15
1	2400	416	21002	0	2	16
1	2416	416	21002	0	2	16
1	2432	416	21002	0	2	16
1	2448	416	21002	0	2	16
1	2464	416	21002	0	2	16
1	2480	416	21002	0	2	16
1	2496	416	21002	0	2	16
1	2512	416	21002	0	2	16
1	2528	416	21002	0	2	16
1	2544	416	21002	0	2	16
1	2560	416	21002	0	2	17
1	2576	416	21002	0	2	17
1	2592	416	21002	0	2	17
1	2608	416	21002	0	2	17
1	2624	416	21002	0	2	17
1	2640	416	21002	0	2	17
1	2656	416	21002	0	2	17
1	2672	416	21002	0	2	17
1	2688	416	21002	0	2	17
1	2704	416	21002	0	2	18
1	2720	416	21002	0	2	18
1	2736	416	21002	0	2	18
1	2752	416	21002	0	2	18
1	2768	416	21002	0	2	18
1	2784	416	21002	0	2	18
1	2800	416	21003	0	2	18
#BLOCK
#pink
1	1312	144	22001	1	0	8
1	1328	144	22002	1	0	8
1	1344	144	22002	1	0	8
1	1360	144	22003	1	0	9
1	464	336	22001	1	2	3
1	480	336	22002	1	2	3
1	496	336	22002	1	2	3
1	512	336	22003	1	2	3
1	1296	352	22001	1	2	8
1	1312	352	22002	1	2	8
1	1328	352	22002	1	2	8
1	1344	352	22002	1	2	8
1	1360	352	22002	1	2	9
1	1376	352	22002	1	2	9
1	1392	352	22003	1	2	9
1	240	368	22001	1	2	1
1	256	368	22002	1	2	1
1	272	368	22003	1	2	1
1	2144	368	22001	1	2	14
1	2160	368	22002	1	2	14
1	2176	368	22003	1	2	14
#blue
1	1328	320	22011	1	2	8
1	1344	320	22012	1	2	8
1	1360	320	22012	1	2	9
1	1376	320	22012	1	2	9
1	1392	320	22012	1	2	9
1	1408	320	22012	1	2	9
1	1424	320	22013	1	2	9
1	272	336	22011	1	2	1
1	288	336	22012	1	2	1
1	304	336	22013	1	2	2
#white
1	512	304	22021	1	2	3
1	528	304	22022	1	2	3
1	544	304	22022	1	2	3
1	560	304	22023	1	2	3
#green
1	2176	272	22031	1	1	14
1	2192	272	22032	1	1	14
1	2208	272	22033	1	1	14
1	400	368	22031	1	2	2
1	416	368	22032	1	2	2
1	432	368	22032	1	2	2
1	448	368	22032	1	2	2
1	464	368	22033	1	2	3
1	512	384	22031	1	2	3
1	528	384	22032	1	2	3
1	544	384	22032	1	2	3
1	560	384	22032	1	2	3
1	576	384	22032	1	2	3
1	592	384	22033	1	2	3
1	1264	384	22031	1	2	8
1	1280	384	22032	1	2	8
1	1296	384	22032	1	2	8
1	1312	384	22032	1	2	8
1	1328	384	22032	1	2	8
1	1344	384	22032	1	2	8
1	1360	384	22033	1	2	9
#CLOUD
1	1488	176	24001	0	1	9
1	1504	176	24001	0	1	10
1	1520	176	24001	0	1	10
1	1536	176	24001	0	1	10
1	1552	176	24001	0	1	10
1	1568	176	24001	0	1	10
1	1584	176	24001	0	1	10
1	1600	176	24001	0	1	10
1	1616	176	24001	0	1	10
1	1632	176	24001	0	1	10
1	1648	176	24001	0	1	10
1	1664	176	24001	0	1	11
1	1680	176	24001	0	1	11
1	1408	192	24001	0	1	9
1	1424	192	24001	0	1	9
1	1440	192	24001	0	1	9
1	1456	192	24001	0	1	9
# Blue Brick
1	1968	464	25001	0	3	13
1	1984	464	25001	0	3	13
1	2000	464	25001	0	3	13
1	2016	464	25001	0	3	13
1	2032	464	25001	0	3	13
1	2048	464	25001	0	3	13
1	2064	464	25001	0	3	13
1	2080	464	25001	0	3	13
1	2128	464	25001	0	3	14
1	2144	464	25001	0	3	14
1	2160	464	25001	0	3	14
1	2176	464	25001	0	3	14
1	2192	464	25001	0	3	14
1	2208	464	25001	0	3	14
1	2224	464	25001	0	3	14
1	2240	464	25001	0	3	14
1	2256	464	25001	0	3	15
1	2272	464	25001	0	3	15
1	2288	464	25001	0	3	15
1	2304	464	25001	0	3	15
1	2352	464	25001	0	3	15
1	2368	464	25001	0	3	15
1	2384	464	25001	0	3	15
1	2400	464	25001	0	3	16
1	2416	464	25001	0	3	16
1	2432	464	25001	0	3	16
1	2448	464	25001	0	3	16
1	2464	464	25001	0	3	16
1	1968	480	25001	0	3	13
1	1984	480	25001	0	3	13
1	2000	480	25001	0	3	13
1	2016	480	25001	0	3	13
1	2032	480	25001	0	3	13
1	2048	480	25001	0	3	13
1	2064	480	25001	0	3	13
1	2080	480	25001	0	3	13
1	2352	480	25001	0	3	15
1	2368	480	25001	0	3	15
1	2384	480	25001	0	3	15
1	2400	480	25001	0	3	16
1	2416	480	25001	0	3	16
1	2432	480	25001	0	3	16
1	2448	480	25001	0	3	16
1	2464	480	25001	0	3	16
1	1968	496	25001	0	3	13
1	1984	496	25001	0	3	13
1	2000	496	25001	0	3	13
1	2016	496	25001	0	3	13
1	2032	496	25001	0	3	13
1	2048	496	25001	0	3	13
1	2064	496	25001	0	3	13
1	2080	496	25001	0	3	13
1	2352	496	25001	0	3	15
1	2368	496	25001	0	3	15
1	2384	496	25001	0	3	15
1	2400	496	25001	0	3	16
1	2416	496	25001	0	3	16
1	2432	496	25001	0	3	16
1	2448	496	25001	0	3	16
1	2464	496	25001	0	3	16
1	1968	512	25001	0	3	13
1	1984	512	25001	0	3	13
1	2000	512	25001	0	3	13
1	2016	512	25001	0	3	13
1	2032	512	25001	0	3	13
1	2048	512	25001	0	3	13
1	2064	512	25001	0	3	13
1	2080	512	25001	0	3	13
1	2352	512	25001	0	3	15
1	2368	512	25001	0	3	15
1	2384	512	25001	0	3	15
1	2400	512	25001	0	3	16
1	2416	512	25001	0	3	16
1	2432	512	25001	0	3	16
1	2448	512	25001	0	3	16
1	2464	512	25001	0	3	16
1	1968	528	25001	0	3	13
1	1984	528	25001	0	3	13
1	2000	528	25001	0	3	13
1	2016	528	25001	0	3	13
1	2032	528	25001	0	3	13
1	2048	528	25001	0	3	13
1	2064	528	25001	0	3	13
1	2080	528	25001	0	3	13
1	2304	528	25001	0	3	15
1	2320	528	25001	0	3	15
1	2336	528	25001	0	3	15
1	2352	528	25001	0	3	15
1	2368	528	25001	0	3	15
1	2384	528	25001	0	3	15
1	2400	528	25001	0	3	16
1	2416	528	25001	0	3	16
1	2432	528	25001	0	3	16
1	2448	528	25001	0	3	16
1	2464	528	25001	0	3	16
1	1968	544	25001	0	3	13
1	1984	544	25001	0	3	13
1	2000	544	25001	0	3	13
1	2016	544	25001	0	3	13
1	2032	544	25001	0	3	13
1	2048	544	25001	0	3	13
1	2064	544	25001	0	3	13
1	2080	544	25001	0	3	13
1	2288	544	25001	0	3	15
1	2304	544	25001	0	3	15
1	2320	544	25001	0	3	15
1	2336	544	25001	0	3	15
1	2352	544	25001	0	3	15
1	2368	544	25001	0	3	15
1	2384	544	25001	0	3	15
1	2400	544	25001	0	3	16
1	2416	544	25001	0	3	16
1	2432	544	25001	0	3	16
1	2448	544	25001	0	3	16
1	2464	544	25001	0	3	16
1	1968	560	25001	0	3	13
1	1984	560	25001	0	3	13
1	2000	560	25001	0	3	13
1	2016	560	25001	0	3	13
1	2032	560	25001	0	3	13
1	2048	560	25001	0	3	13
1	2064	560	25001	0	3	13
1	2080	560	25001	0	3	13
1	2272	560	25001	0	3	15
1	2288	560	25001	0	3	15
1	2304	560	25001	0	3	15
1	2320	560	25001	0	3	15
1	2336	560	25001	0	3	15
1	2352	560	25001	0	3	15
1	2368	560	25001	0	3	15
1	2384	560	25001	0	3	15
1	2400	560	25001	0	3	16
1	2416	560	25001	0	3	16
1	2432	560	25001	0	3	16
1	2448	560	25001	0	3	16
1	2464	560	25001	0	3	16
1	1968	576	25001	0	3	13
1	1984	576	25001	0	3	13
1	2000	576	25001	0	3	13
1	2016	576	25001	0	3	13
1	2032	576	25001	0	3	13
1	2048	576	25001	0	3	13
1	2064	576	25001	0	3	13
1	2080	576	25001	0	3	13
1	2256	576	25001	0	3	15
1	2272	576	25001	0	3	15
1	2288	576	25001	0	3	15
1	2304	576	25001	0	3	15
1	2320	576	25001	0	3	15
1	2336	576	25001	0	3	15
1	2352	576	25001	0	3	15
1	2368	576	25001	0	3	15
1	2384	576	25001	0	3	15
1	2400	576	25001	0	3	16
1	2416	576	25001	0	3	16
1	2432	576	25001	0	3	16
1	2448	576	25001	0	3	16
1	2464	576	25001	0	3	16
1	1968	592	25001	0	3	13
1	1984	592	25001	0	3	13
1	2000	592	25001	0	3	13
1	2016	592	25001	0	3	13
1	2032	592	25001	0	3	13
1	2048	592	25001	0	3	13
1	2064	592	25001	0	3	13
1	2080	592	25001	0	3	13
1	2240	592	25001	0	3	14
1	2256	592	25001	0	3	15
1	2272	592	25001	0	3	15
1	2288	592	25001	0	3	15
1	2304	592	25001	0	3	15
1	2320	592	25001	0	3	15
1	2336	592	25001	0	3	15
1	2352	592	25001	0	3	15
1	2368	592	25001	0	3	15
1	2384	592	25001	0	3	15
1	2400	592	25001	0	3	16
1	2416	592	25001	0	3	16
1	2432	592	25001	0	3	16
1	2448	592	25001	0	3	16
1	2464	592	25001	0	3	16
1	1968	608	25001	0	4	13
1	1984	608	25001	0	4	13
1	2000	608	25001	0	4	13
1	2016	608	25001	0	4	13
1	2032	608	25001	0	4	13
1	2048	608	25001	0	4	13
1	2064	608	25001	0	4	13
1	2080	608	25001	0	4	13
1	2224	608	25001	0	4	14
1	2240	608	25001	0	4	14
1	2256	608	25001	0	4	15
1	2272	608	25001	0	4	15
1	2288	608	25001	0	4	15
1	2304	608	25001	0	4	15
1	2320	608	25001	0	4	15
1	2336	608	25001	0	4	15
1	2352	608	25001	0	4	15
1	2368	608	25001	0	4	15
1	2384	608	25001	0	4	15
1	2400	608	25001	0	4	16
1	2416	608	25001	0	4	16
1	2432	608	25001	0	4	16
1	2448	608	25001	0	4	16
1	2464	608	25001	0	4	16
1	1968	624	25001	0	4	13
1	1984	624	25001	0	4	13
1	2000	624	25001	0	4	13
1	2016	624	25001	0	4	13
1	2032	624	25001	0	4	13
1	2048	624	25001	0	4	13
1	2064	624	25001	0	4	13
1	2080	624	25001	0	4	13
1	2096	624	25001	0	4	13
1	2112	624	25001	0	4	14
1	2128	624	25001	0	4	14
1	2144	624	25001	0	4	14
1	2160	624	25001	0	4	14
1	2176	624	25001	0	4	14
1	2192	624	25001	0	4	14
1	2208	624	25001	0	4	14
1	2224	624	25001	0	4	14
1	2240	624	25001	0	4	14
1	2256	624	25001	0	4	15
1	2272	624	25001	0	4	15
1	2288	624	25001	0	4	15
1	2304	624	25001	0	4	15
1	2320	624	25001	0	4	15
1	2336	624	25001	0	4	15
1	2352	624	25001	0	4	15
1	2368	624	25001	0	4	15
1	2384	624	25001	0	4	15
1	2400	624	25001	0	4	16
1	2416	624	25001	0	4	16
1	2432	624	25001	0	4	16
1	2448	624	25001	0	4	16
1	2464	624	25001	0	4	16
1	1968	640	25001	0	4	13
1	1984	640	25001	0	4	13
1	2000	640	25001	0	4	13
1	2016	640	25001	0	4	13
1	2032	640	25001	0	4	13
1	2048	640	25001	0	4	13
1	2064	640	25001	0	4	13
1	2080	640	25001	0	4	13
1	2096	640	25001	0	4	13
1	2112	640	25001	0	4	14
1	2128	640	25001	0	4	14
1	2144	640	25001	0	4	14
1	2160	640	25001	0	4	14
1	2176	640	25001	0	4	14
1	2192	640	25001	0	4	14
1	2208	640	25001	0	4	14
1	2224	640	25001	0	4	14
1	2240	640	25001	0	4	14
1	2256	640	25001	0	4	15
1	2272	640	25001	0	4	15
1	2288	640	25001	0	4	15
1	2304	640	25001	0	4	15
1	2320	640	25001	0	4	15
1	2336	640	25001	0	4	15
1	2352	640	25001	0	4	15
1	2368	640	25001	0	4	15
1	2384	640	25001	0	4	15
1	2400	640	25001	0	4	16
1	2416	640	25001	0	4	16
1	2432	640	25001	0	4	16
1	2448	640	25001	0	4	16
1	2464	640	25001	0	4	16
# REWARD BOX
#	x	y	ani_set	type	rewardType
2	224	304	50000	1	1		2	1
2	240	304	50000	1	2	2	1
2	416	320	50000	1	1	2	2
2	176	352	50000	1	1	2	1
2	192	352	50000	1	1	2	1
2	704	352	50000	1	1	2	4
2	1472	368	50000	1	2	2	9
2	656	384	50000	1	2	2	4
2	1984	368	50000	2	1	2	13
2	2000	368	50000	2	1	2	13
2	2016	368	50000	2	1	2	13
2	2032	368	50000	2	4	2	13
2	1968	384	50000	2	1	2	13
2	1984	384	50000	2	1	2	13
2	2000	384	50000	2	1	2	13
2	2016	384	50000	2	1	2	13
2	2032	384	50000	2	1	2	13
2	2096	384	50000	2	1	2	13
2	1952	400	50000	2	1	2	13
2	1968	400	50000	2	1	2	13
2	1984	400	50000	2	1	2	13
2	2000	400	50000	2	1	2	13
2	2016	400	50000	2	1	2	13
2	2032	400	50000	2	1	2	13
2	2048	400	50000	2	1	2	13
2	2096	400	50000	2	1	2	13
2	2112	400	50000	2	1	2	14
2	1440	128	50000	1	3	0	9
#Type	x	y	ani
# COIN
5	1328	80	70000	0	8
5	1344	80	70000	0	8
5	1360	80	70000	0	9
5	1808	96	70000	0	12
5	1472	112	70000	0	9
5	1488	112	70000	0	9
5	1616	112	70000	0	10
5	1632	112	70000	0	10
5	1648	112	70000	0	10
5	1664	112	70000	0	11
5	1728	112	70000	0	11
5	1536	128	70000	0	10
5	1552	128	70000	0	10
5	1568	128	70000	0	10
5	1584	128	70000	0	10
5	1760	128	70000	0	11
5	1840	128	70000	0	12
5	1696	144	70000	0	11
5	1200	192	70000	1	8
5	1168	224	70000	1	7
5	1136	256	70000	1	7
5	1104	288	70000	1	7
5	1072	320	70000	2	7
5	2192	488	70000	3	14
5	2208	488	70000	3	14
5	2176	504	70000	3	14
5	2224	504	70000	3	14
5	2224	520	70000	3	14
5	2192	536	70000	3	14
5	2208	536	70000	3	14
5	2224	552	70000	3	14
5	2176	568	70000	3	14
5	2224	568	70000	3	14
5	2192	584	70000	3	14
5	2208	584	70000	3	14
#==ENEMY==
#typeOb	x	y	ani	type
# GOOMBA
#type 1: small, 2: flyingRed, 3: walkingRed
3	832	384	3	1	2	5
3	880	384	3	1	2	5
3	224	400	3	1	2	1
3	528	400	3	1	2	3
3	960	381	3	2	2	6
# KOOPA
#type 1: small red, 2: small green, 3: 
4	576	352	100000	12	2	3
4	2096	352	100000	12	2	13
4	1472	384	100000	22	2	9
4	1328	288	100000	23	1	8
4	1376	288	100000	23	1	9
4	1424	288	100000	23	1	9
# PLANT_FIRE
#typeobj x	y	ani	limit_y	type
6	360	368	80000	337	1	2	2
6	1864	369	80000	345	2	2	12
# PLANT_NORMAL
7	1800	385	81000	361	2	2	12
#PIPE
1	2256	112	23001	2	0	15
1	2272	112	23002	2	0	15
1	2256	128	23003	2	0	15
1	2272	128	23004	2	0	15
1	2256	144	23003	2	0	15
1	2272	144	23004	2	0	15
1	2256	160	23003	2	1	15
1	2272	160	23004	2	1	15
1	2256	176	23003	2	1	15
1	2272	176	23004	2	1	15
1	2256	192	23003	2	1	15
1	2272	192	23004	2	1	15
1	2256	208	23003	2	1	15
1	2272	208	23004	2	1	15
1	2256	224	23003	2	1	15
1	2272	224	23004	2	1	15
1	2256	240	23003	2	1	15
1	2272	240	23004	2	1	15
1	2256	256	23003	2	1	15
1	2272	256	23004	2	1	15
1	2256	272	23003	2	1	15
1	2272	272	23004	2	1	15
1	2256	288	23003	2	1	15
1	2272	288	23004	2	1	15
1	352	368	23001	2	2	2
1	368	368	23002	2	2	2
1	1856	368	23001	2	2	12
1	1872	368	23002	2	2	12
1	352	384	23003	2	2	2
1	368	384	23004	2	2	2
1	1792	384	23001	2	2	11
1	1808	384	23002	2	2	12
1	1856	384	23003	2	2	12
1	1872	384	23004	2	2	12
1	2256	384	23003	2	2	15
1	2272	384	23004	2	2	15
1	2320	384	23001	2	2	15
1	2336	384	23002	2	2	15
1	352	400	23003	2	2	2
1	368	400	23004	2	2	2
1	1792	400	23003	2	2	11
1	1808	400	23004	2	2	12
1	1856	400	23003	2	2	12
1	1872	400	23004	2	2	12
1	2256	400	23003	2	2	15
1	2272	400	23004	2	2	15
1	2320	400	23003	2	2	15
1	2336	400	23004	2	2	15
#ITEM
8	2688	336	40000	2	17
#== MARIO ==
0	50.0	384	1	2	0
#0	1500.0	0	1
# --- SCENE PORTAL ----
# type	l	t	ani_set	r	b	tgZone	tgX	tgY	type
50	2256	112	0	2288	304	2	2104	512	2	0	15
50	2320	480	0	2352	496	1	2328	352	1	3	15
